Mass [Solar Mass], Radius [Solar Radii]
0.013911950028251522, 0.03398811471539443
0.01560454067119468, 0.03359023454115584
0.01746657295896137, 0.03316112207056651
0.019513209231876414, 0.03270454829462838
0.02176088396353709, 0.03222399907105755
0.02422739237855907, 0.031722692091191905
0.026931981441325695, 0.031203592795114022
0.029895442290429935, 0.030669429522250692
0.03314020288304595, 0.030122707915342495
0.03669041925699883, 0.029565724579713192
0.0405720634061348, 0.02900058014185128
0.0448130052597973, 0.02842919163411887
0.04944308569635034, 0.027853304312067364
0.05449417686505643, 0.0272745028803043
0.060000225361006916, 0.026694222172397936
0.06599727299663515, 0.026113757291827355
0.07252344904251205, 0.02553427324134268
0.07961892691526398, 0.024956814061514336
0.08339324684547667, 0.02466913912666683
0.08732583737697272, 0.024382311496960334
0.09142224790281202, 0.024096431439757933
0.09568812946516947, 0.023811593213898093
0.10012922687490859, 0.023527885290945936
0.10475136962970176, 0.023245390595750308
0.10956046154788819, 0.02296418671586493
0.11456246904138524, 0.02268434613084458
0.11976340794649461, 0.022405936412280707
0.12516932884149023, 0.022129020434078172
0.13078630078040474, 0.02185365657615865
0.1366203933788869, 0.021579898912736074
0.1426776571999752, 0.021307797411260602
0.1489641023918089, 0.02103739810978987
0.15548567554914114, 0.02076874331016582
0.16224823477781466, 0.02050187174586273
0.1692575229636457, 0.020236818761779553
0.17651913926429097, 0.019973616483045013
0.18024627348468883, 0.019842718557227305
0.1840385088620632, 0.019712293981000557
0.18789649112378962, 0.019582345935552248
0.19182085104682406, 0.01945287743501484
0.19581220337516383, 0.019323891325960435
0.1998711457159569, 0.019195390294901638
0.2039982574157219, 0.019067376870470144
0.20819409841506073, 0.018939853431641437
0.2124592080880953, 0.018812822210184307
0.21679410406452332, 0.018686285295020724
0.2211992810376387, 0.018560244637984547
0.22567520955977363, 0.018434702057780476
0.23022233482727034, 0.0183096592447227
0.23484107545717803, 0.018185117764235873
0.23953182225797107, 0.018061079062525184
0.24429493699582955, 0.017937544470369323
0.2491307511621634, 0.017814515206297416
0.254039564739116, 0.017691992383476837
0.2590216449723581, 0.01756997700998233
0.26407722514987175, 0.01744846999627621
0.26920650339119984, 0.017327472157511372
0.27440964144995644, 0.01720698421827275
0.27968676353285005, 0.01708700681567234
0.2850379551388646, 0.016967540503678963
0.2904632619212181, 0.016848585756832554
0.29596268857598096, 0.016730142973915556
0.3015361977618426, 0.0166122124815874
0.30718370905137055, 0.0164947945376204
0.31290509792162535, 0.016377889334972917
0.31870019478452655, 0.01626149700504435
0.3245687840618546, 0.01614561762048836
0.330510603308188, 0.01603025119878269
0.3365253423848093, 0.015915397706430044
0.34261264268980923, 0.0158010570599649
0.3487720964452239, 0.015687229130847396
0.3550032460464926, 0.015573913747939464
0.36130558347840097, 0.015461110698627475
0.3676785497953759, 0.01534881973552298
0.3741215346771274, 0.015237040574751193
0.3806338760559361, 0.015125772901496203
0.3872148598215644, 0.015015016371384205
0.39386371960493927, 0.014904770613149699
0.4005796366439728, 0.014795035230525005
0.40736173973228695, 0.01468580980530034
0.41420910525466226, 0.014577093898807748
0.42112075730869397, 0.01446888705431116
0.42809566791513615, 0.014361188798639532
0.43513275732029055, 0.014253998644169173
0.4422308943840298, 0.014147316090952182
0.44938889706410784, 0.01404114062779744
0.4566055329892754, 0.013935471734005014
0.46387952012420375, 0.013830308881613749
0.4712095275260138, 0.013725651535057256
0.4785941761907388, 0.013621499154246893
0.48230654714469345, 0.013569612155865312
0.48603203998914524, 0.013517851194643927
0.48977046926279144, 0.013466216201870456
0.4935216466918306, 0.013414707108854299
0.49728538122665583, 0.013363323846965225
0.5010614790799615, 0.013312066347367929
0.5048497437660341, 0.013260934541157707
0.5086499761413981, 0.013209928359505
0.5124619744466464, 0.013159047733549594
0.5162855343495343, 0.013108292594407286
0.5201204489886616, 0.013057662873395817
0.5239665090215941, 0.013007158501754554
0.5278235026676436, 0.012956779410575546
0.5316912157581511, 0.012906525531616898
0.5355694317849511, 0.01285639679637168
0.5394579319502458, 0.012806393136581242
0.5433564952178603, 0.01275651448405064
0.5472648983650147, 0.012706760770863322
0.5511829160357998, 0.012657131929081838
0.5551103207950747, 0.012607627891260973
0.5590468831835778, 0.012558248589749054
0.5629923717739747, 0.01250899395738556
0.5669465532273097, 0.012459863926967478
0.5709091923514092, 0.01241085843167515
0.574880052157825, 0.012361977404908938
0.578858893923047, 0.012313220780224144
0.5828454772473665, 0.01226458849132307
0.5868395601157701, 0.012216080472244581
0.5908408989593353, 0.012167696657029015
0.5948492487172795, 0.012119436980242652
0.5988643628995721, 0.012071301376283051
0.6028859936500445, 0.012023289780032082
0.6069138918100941, 0.01197540212651137
0.6109478069829598, 0.011927638350904652
0.6149874875982894, 0.011879998388497
0.6190326809770186, 0.011832482174941074
0.6230831333964131, 0.011785089645907944
0.6271385901582113, 0.01173782073729414
0.6311987956507491, 0.011690675385179749
0.6352634934179625, 0.01164365352578656
0.6393324262250959, 0.011596755095426053
0.6434053361254487, 0.011549980030588589
0.6474819645273205, 0.011503328267819635
0.6515620522606518, 0.011456799743742542
0.6556453396440796, 0.01141039439526223
0.6597315665521177, 0.011364112159152505
0.6638204724819381, 0.011317952972315144
0.6679117966207715, 0.011271916771723269
0.6720052779112441, 0.011226003494422649
0.6761006551202505, 0.011180213077332666
0.6801976669041145, 0.011134545457635366
0.6842960518805221, 0.011089000572031849
0.6883955486742153, 0.011043578357783967
0.6924958960128311, 0.010998278751622766
0.6965968327726536, 0.010953101690566031
0.7006980980490015, 0.010908047111311407
0.7047994312207808, 0.010863114950524043
0.7089005720140944, 0.010818305144775235
0.7130012605697762, 0.010773617630506042
0.71710123750158, 0.010729052343990226
0.7212002439627225, 0.010684609221354441
0.7252980217075731, 0.010640288198504705
0.7293943131534916, 0.010596089211028935
0.7334888614421087, 0.010552012194567898
0.7375814105004157, 0.010508057084352944
0.7416717050998799, 0.010464223815112614
0.745759490916853, 0.010420512321831126
0.7498445145909408, 0.010376922538752643
0.7539265237828076, 0.010333454399969794
0.7580052672317573, 0.010290107839037645
0.7620804948115546, 0.010246882789438668
0.7661519575865611, 0.010203779184132964
0.7702194078665807, 0.010160796955645049
0.7742825992595583, 0.01011793603622849
0.7783412867291107, 0.010075196357513633
0.7823952266404519, 0.010032577850729195
0.7864441768159941, 0.009990080446640298
0.7904878965846196, 0.009947704075563108
0.7945261468312634, 0.009905448667274554
0.7985586900455284, 0.0098633141511204
0.8025852903697379, 0.009821300455701305
0.806605713644311, 0.009779407509103982
0.8106197274549413, 0.009737635238900866
0.8146271011764294, 0.009695983572106662
0.8186276060164301, 0.009654452435074004
0.822621015058262, 0.009613041753499627
0.8266071033014045, 0.00957175145240403
0.8305856477063683, 0.009530581456083943
0.8345564272274244, 0.00948953168836199
0.838519222855824, 0.009448602072185027
0.8424738176559305, 0.009407792529964883
0.8464199968016979, 0.009367102983097885
0.850357547611896, 0.009326533352447708
0.8542862595839373, 0.009286083558153704
0.8582059244282688, 0.009245753519353661
0.8621163360974382, 0.0092055431547758
0.8660172908210487, 0.009165452382062326
0.8699085871333588, 0.009125481117921953
0.8737900259017732, 0.009085629278613346
0.8776614103543461, 0.00904589677931524
0.8815225461108681, 0.009006283534478696
0.8853732412013734, 0.008966789457493723
0.8892133060953182, 0.008927414460967398
0.8930425537234626, 0.008888158456825026
0.8968607995007478, 0.008849021355925872
0.9006678613473764, 0.008810003068253825
0.9044635597100176, 0.008771103502615632
0.9082477175775661, 0.00873232256743734
0.912020160503962, 0.008693660169813522
0.9157807166223217, 0.008655116216057404
0.9195292166618831, 0.008616690611405492
0.9232654939613464, 0.00857838326008029
0.9307007268476177, 0.00850212293044305
0.9380851347283421, 0.008426334442430176
0.9454174796243948, 0.008351016995624587
0.9526965664340755, 0.008276169773547478
0.9599212431757563, 0.00820179194374886
0.9670904011767008, 0.008127882657239155
0.9742029752055097, 0.008054441048511114
0.9812579435285678, 0.007981466236116747
0.9882543279414483, 0.0079089573213099
0.9951911937270804, 0.00783691338899428
1.0020676495543979, 0.00776533350760741
1.0088828473692415, 0.00769421672835048
1.0156359821840686, 0.007623562085844241
1.0223262918544604, 0.007553368598207371
1.0289530568066199, 0.007483635266675072
1.0355155997186078, 0.007414361075912719
1.042013285167969, 0.007345544993781786
1.0484455192315063, 0.007277185971866841
1.054811749055521, 0.007209282945362102
1.0611114623915208, 0.007141834832949232
1.0673441871007598, 0.007074840537322116
1.0735094906295553, 0.007008298945005185
1.0796069794456955, 0.006942208926499199
1.085636298461591, 0.006876569336752029
1.0915971304262795, 0.006811379015042838
1.0974891952971837, 0.00674663678479529
1.103312249581693, 0.006682341455009874
1.109066085673416, 0.006618491818883522
1.1147505311606027, 0.0065550866550285036
1.1203654481206193, 0.006492124727353431
1.1259107324049047, 0.006429604785029956
1.131386312894219, 0.006367525563360682
1.1367921507680794, 0.006305885783250006
1.1421282387386735, 0.006244684151980582
1.1473946002983868, 0.006183919362950877
1.1525912889382397, 0.0061235900963276385
1.157718387375233, 0.0060636950190744365
1.1627760067764301, 0.006004232784816198
1.1677642859561777, 0.005945202035149799
1.1726833906118657, 0.00588660139837669
1.177533512508635, 0.005828429491042119
1.1823148687104248, 0.005770684917327771
1.187027700781058, 0.005713366269542471
1.191672273995685, 0.005656472128458724
1.1962488765590324, 0.005600001063314003
1.2007578188194659, 0.005543951632167425
1.2051994324948943, 0.005488322382117885
1.2095740698980821, 0.0054331118493501805
1.2138821031694247, 0.005378318559531476
1.218123923515566, 0.005323941028053381
1.222299940459718, 0.005269977759779637
1.2264105810887675, 0.005216427249989819
1.230456289320962, 0.005163287983875314
1.2344375251729733, 0.005110558437188905
1.2383547640430934, 0.0050582370761544536
1.242208495998999, 0.005006322357766414
1.245999225078098, 0.004954812729970397
1.2497274685978674, 0.004903706631860301
1.25699863056592, 0.004802698737265715
1.2640263605287931, 0.004703286014717039
1.2708152073354766, 0.00460545567277479
1.2773698700163014, 0.004509194792859562
1.2836951785420934, 0.004414490333433869
1.289796075377557, 0.004321329134388527
1.2956775978739556, 0.004229697921030517
1.3013448614876921, 0.004139583307726378
1.3068030438440177, 0.004050971801451741
1.3120573696205933, 0.0039638498051594384
1.3171130962805218, 0.0038782036209267018
1.3219755006223035, 0.003794019452823548
1.3266498661420627, 0.0037112834099536913
1.3311414712066365, 0.003629981508956593
1.3354555779913733, 0.003550099676906201
1.3395974222058737, 0.003471623753710033
1.3435722035559852, 0.0033945394947474915
1.3473850769349023, 0.003318832573368993
1.3545454473396974, 0.003171493041750924
1.3611185851640055, 0.00302948900171443
1.3671433751032462, 0.002892703149761684
1.372657366785299, 0.002761017125505295
1.3776966422838768, 0.002634311608303597
1.3822957158380236, 0.002512466422967932
1.386487462555102, 0.002395360654815849
1.3903030728677124, 0.002282872775487548
1.3937720296846443, 0.0021748807792961455
1.3969221052918763, 0.0020712623300933493
1.399779375247066, 0.0019718949177344675
1.4023682466584968, 0.0018766560234451466
1.4047114984604718, 0.0017854232925737042
1.4068303314761095, 0.0016980747132629807
1.408744426261328, 0.0016144887992956725
1.410472006973007, 0.0015345447747284323
1.4120299094417568, 0.0014581227608708518
1.413433652444294, 0.0013851039586379621
1.4146975104633037, 0.001315370830150955
1.4158345871631364, 0.001248807274119813
1.41685688857506, 0.0011852987945857034
1.4177753952231849, 0.0011247326614856569
1.4186001325877517, 0.0010669980616229086
1.4193402393771062, 0.0010119862390469668
1.420004033226819, 0.0009595906239021628
1.4205990735233447, 0.0009097069490882984
1.4211322211420692, 0.0008622333542394324
1.4216096949614285, 0.0008170704767591581
1.4220371250809287, 0.0007741215297996524
1.4224196027227698, 0.0007332923672563793
1.4227617268426669, 0.0006944915359985074
1.4230676475115738, 0.0006576303156870029
1.4233411061593826, 0.0006226227466334171
1.4235854727941613, 0.0005893856462644644
1.4238037803275279, 0.0005578386148203616
1.4239987561487724, 0.000527904030972404
1.4241728510981555, 0.0004995070380944876
1.4243282659940266, 0.0004725755219393712
1.42446697586987, 0.0004470400804896836
1.42459075207607, 0.00042283398675524935
1.424701182398479, 0.000399893145273982
1.424799689341111, 0.0003781560430597477
1.4248875467148492, 0.0003575636957139074
1.4249658946672494, 0.00033805958938966607
1.4250357532821545, 0.0003195896192558493
1.4250980348692825, 0.0003021020250785455
1.4251535550585315, 0.0002855473244897757
1.4252030428019256, 0.00026987824447665065
1.4252471493853018, 0.0002550496515768534
1.4252864565349732, 0.00024101848122907242
1.4253214837191632, 0.0002277436666828006
1.4253526946862523, 0.00021518606783334994
1.4253805033564815, 0.0002033084003060616
1.4254052790980316, 0.000192075165081654
1.4254273514594007, 0.00018145257891590276
1.4254470144109928, 0.00017140850577525423
1.4254645301438937, 0.00016191238948041862
1.4254801324708293, 0.000152935187719752
1.4254940298693322, 0.00014444930757034804
1.4255064082040623, 0.00013642854263843117
1.425517433160302, 0.00012884801191159677
1.4255272524195963, 0.00012168410039317691
1.4255359976033708, 0.00011491440157287538
1.4255437860091726, 0.0001085176617716656
1.4255507221610781, 0.00010247372638409439
1.4255568991938572, 9.676348802961087e-05
1.4255624000884137, 9.13688366125432e-05
1.4255672987742314, 8.627261128165155e-05
1.4255716611131335, 8.14585542709275e-05
1.4255755457764832, 7.691126659713706e-05
1.4255790050278971, 7.261616558250428e-05
1.4255820854210517, 6.855944416655823e-05
1.4255848284219057, 6.472803196659018e-05
1.4255872709634136, 6.110955804272241e-05
1.425589445940033, 5.769231532080448e-05
1.425591382648447, 5.446522662432929e-05
1.4255931071803845, 5.14178122647912e-05
1.4255946427726678, 4.854015913895388e-05
1.425596010119116, 4.582289128074752e-05
1.4255972276485702, 4.325714181517751e-05
1.4255983117723765, 4.083452626180204e-05
1.425599277105099, 3.8547117135424145e-05
1.4256001366610274, 3.638741979234753e-05
1.4256009020292406, 3.4348349471245335e-05
1.4256015835295688, 3.2423209478581567e-05
1.4256021903514977, 3.0605670469586374e-05
1.4256027306779042, 2.8889750776998375e-05
1.4256032117952435, 2.726979774098993e-05
1.4256036401917085, 2.5740469995076804e-05
1.42560402164464, 2.4296720664177767e-05
1.425604361298371, 2.2933781432426496e-05
1.425604663733551, 2.164714743978736e-05
1.4256049330289295, 2.0432562968005113e-05
1.4256051728162793, 1.9286007877881664e-05
1.4256053863293947, 1.8203684761329804e-05
1.4256055764476918, 1.7182006773128505e-05
1.425605745735034, 1.6217586108718936e-05
1.4256058964743026, 1.5307223095794752e-05
1.425606030698186, 1.4447895868823833e-05
1.4256061502166129, 1.363675059698298e-05
1.4256062566411352, 1.2871092237302214e-05
1.4256063514066861, 1.2148375786086188e-05
1.4256064357897575, 1.1466198002920007e-05
1.425606510930318, 1.0822289582785706e-05
1.4256065778401643, 1.021450775288949e-05
1.4256066374212266, 9.640829272048506e-06
1.4256066904779254, 9.099343811435553e-06
1.4256067377226815, 8.588247696537605e-06
1.4256067797934933, 8.10583799129141e-06
1.4256068172572776, 7.650506906079952e-06
1.4256068506188075, 7.220736512411748e-06
1.4256068803275512, 6.815093747840645e-06
1.4256069067837056, 6.432225695559198e-06
1.425606930343611, 6.070855123888665e-06
1.4256069513245582, 5.729776271647204e-06
1.4256069700090621, 5.407850866102497e-06
1.425606986648683, 5.104004360904182e-06
1.4256070014674094, 4.8172223820503835e-06
1.4256070146646806, 4.546547370567413e-06
1.4256070264180942, 4.291075411179139e-06
1.4256070368857754, 4.0499532368073685e-06
1.4256070462085262, 3.822375399285172e-06
